24 0.0
25 0.0
26 0.0
29 0.0
32 0.0
48 0.0
55 0.0
57 0.0
66 0.0
71 0.0
72 0.0
75 0.0
86 0.0
88 0.0
93 0.0
94 0.0
95 0.0
101 0.0
114 0.0
117 0.0
126 0.0
137 0.0
138 0.0
139 0.0
145 0.0
158 0.0
161 0.0
168 0.0
170 0.0
181 0.0
182 0.0
183 0.0
189 0.0
195 0.0
202 0.0
205 0.0
212 0.0
214 0.0
225 0.0
226 0.0
227 0.0
230 0.0
233 0.0
239 0.0
249 0.0
256 0.0
258 0.0
269 0.0
270 0.0
271 0.0
274 0.0
277 0.0
293 0.0
300 0.0
302 0.0
313 0.0
314 0.0
315 0.0
321 0.0
337 0.0
344 0.0
346 0.0
339 1.3889575458664112E-6
35 1.5771095757827307E-6
61 2.6928206306796312E-6
348 3.598813956488368E-6
330 5.782835822137671E-6
307 6.60701826236821E-6
247 8.97782355044384E-6
65 9.69068923725404E-6
345 1.4041362017677051E-5
103 1.752780058354719E-5
343 2.099024260720379E-5
290 2.6515838269459776E-5
309 4.9579798970456134E-5
224 5.0249777372363305E-5
268 5.940713509732613E-5
295 6.136724083794895E-5
30 6.65784804127972E-5
329 6.96399128044528E-5
133 9.294935254261382E-5
353 1.0345010782504114E-4
102 1.0988496089855938E-4
312 1.4682461666341468E-4
320 1.4797769285084477E-4
264 1.6660964946737156E-4
310 1.7046064965139818E-4
6 2.0396567989272335E-4
147 2.1586309775627497E-4
317 2.2329775232129748E-4
328 2.2339907351989782E-4
286 2.610394236070784E-4
347 2.999013011113176E-4
89 3.1348234000499694E-4
19 3.1944664061926947E-4
141 3.2710406086201274E-4
2 3.695083530756477E-4
301 4.115821013071502E-4
291 4.2595698115466263E-4
220 4.7832400365054896E-4
284 4.841146171749409E-4
163 4.898147226444978E-4
162 5.063268064112149E-4
70 5.380862060820937E-4
68 5.521517832509946E-4
52 5.522007311873865E-4
311 5.814463599469572E-4
253 6.109588298014265E-4
248 6.124678960092157E-4
28 6.4046034826242E-4
267 6.558270320790472E-4
81 6.673295404138411E-4
56 6.976708907597575E-4
39 7.472028292577756E-4
121 7.749483424545001E-4
273 8.476133007763984E-4
43 8.724989326164497E-4
16 9.200126177260089E-4
260 9.218511428038211E-4
341 9.302407520943993E-4
209 9.487500183920956E-4
304 9.758375596371487E-4
281 0.0010378944355639741
134 0.0010450787756727947
299 0.001054798020944503
354 0.0011261001502440857
175 0.0011304864769860344
192 0.0012000639366172537
237 0.0012552231653402957
176 0.0012639599682918844
257 0.0012968605994434824
325 0.0013026868317448168
23 0.0013087620979721196
190 0.0013433658302886315
213 0.0013500428164382565
211 0.0014349959233699756
298 0.001490433931768782
206 0.0015998113637300092
31 0.001615542616759887
18 0.0016224222297092073
308 0.001727712241094727
319 0.0017311847189407923
36 0.0017820417506381673
20 0.001792584985321258
157 0.0018703399400711181
60 0.0018996293289914392
223 0.0019333621177862372
335 0.0021156345898506643
1 0.0021182671018401037
254 0.0021311536987153965
82 0.0021904926204780882
289 0.0022062040104737475
216 0.0022255943317903712
46 0.0022394523783653966
292 0.0023455814817845036
287 0.0026246972615834793
191 0.002660542047855226
5 0.002746398593266042
240 0.0027929888692632986
203 0.0029246506537136175
342 0.002967727722195791
10 0.0029772739016303345
13 0.0030150514234557006
78 0.003084100905644934
14 0.0030845911270723464
83 0.0030850669276774774
331 0.0031218082851518117
250 0.0031784258125991897
322 0.003408660414536651
324 0.003464619486537859
282 0.0035625654065573023
278 0.0037079383644789314
8 0.003825630106183116
236 0.003825630106183116
276 0.004240997847921668
238 0.004355645773445844
332 0.004437963874386353
167 0.004612702315628923
357 0.004760878110717009
338 0.00484669968004108
351 0.004885304459315239
333 0.005150747430120629
69 0.005157292370140194
155 0.005177644794329473
280 0.005194356939207394
229 0.0052677639176843625
326 0.005276029111445569
243 0.0054474334307815855
64 0.00548306902541662
251 0.00559992499287613
146 0.005640456252638699
285 0.005720409158657671
334 0.005800522544157415
232 0.005807173381112171
50 0.005821914841195525
110 0.005852847671116029
350 0.00591438038326037
41 0.005924856022616775
79 0.006061178710657974
356 0.006064733542331592
87 0.006083646558791238
37 0.0061132117358375475
113 0.006160177568792927
21 0.0061646505299527464
255 0.006378136916387924
288 0.0068752312447931275
90 0.0069138509239226155
275 0.007179046728303345
47 0.0073998361119903145
197 0.007475884581709996
96 0.007580199522621585
242 0.007609903921746697
245 0.0076775033931214985
296 0.007722456721491075
165 0.008044087816700215
76 0.00811220500005009
244 0.008280418612818185
97 0.0086666432480908
80 0.008846318008420527
196 0.008885091476107602
17 0.008929087804161503
349 0.009072735475104801
231 0.009304937281013767
303 0.009447031942107482
53 0.009712774335701582
263 0.010295818881669293
198 0.01049540756870111
266 0.010563862203397324
306 0.010606548103530223
358 0.01060701241980223
160 0.010630289804345845
125 0.01074407723857294
51 0.011230637511566255
178 0.011256932575295097
265 0.011510486318663346
63 0.011787818660126766
186 0.011912101618727043
359 0.011912101618727043
340 0.01199650426035592
208 0.012111838938525556
131 0.01250378149641538
221 0.012984237892925063
140 0.013103932147755739
22 0.01334835500996244
201 0.01370606293779527
11 0.013878760681563915
111 0.014269946250009229
193 0.014293931333608057
199 0.014486690843018013
12 0.014790259370611483
252 0.015020075718497646
130 0.01522257605015904
294 0.015239518226741022
219 0.015324937130463581
77 0.015333033815346158
262 0.015836811823956923
169 0.01597754131049208
222 0.016637037166857733
185 0.017063445489993355
187 0.017377627981410692
172 0.017530410003056683
122 0.01776383358320778
59 0.018478302497474338
15 0.018823789198678675
62 0.01886853033811404
215 0.018994857074696624
323 0.01901984445098284
42 0.019134991050573508
154 0.019869020586630644
261 0.019944910864050636
153 0.020504602671073065
234 0.020700597736070997
174 0.020805941314134314
336 0.02091392221945117
149 0.02111142329515126
218 0.02130672638890203
228 0.021340707071028326
207 0.021375591922688897
92 0.022639521552317778
305 0.022883371568847913
180 0.02288360565292444
44 0.02290869694054666
112 0.02325213008736665
105 0.02332828399409388
177 0.02367069010268146
118 0.024081961442018608
116 0.02431604913107468
204 0.02443906894256049
120 0.024760468488254143
194 0.025115237768672475
49 0.025161908311669246
210 0.025343789738934454
99 0.026103610173837995
152 0.026383435360846842
200 0.026981714586407163
241 0.02828590119659901
166 0.029049516028446527
135 0.029880163557965213
164 0.029918281835969857
279 0.030143960189377213
217 0.03126510901737852
124 0.03133855028032958
246 0.03133855028032958
318 0.03133855028032958
352 0.03151209034756052
100 0.03200000872063243
150 0.0324088152324012
106 0.032709552772032725
9 0.03319525808225813
98 0.03319525808225813
107 0.03319525808225813
272 0.03375884679722404
108 0.03435660402020129
259 0.034601987098410336
119 0.034988580121905324
136 0.03567983841136185
91 0.03600427866443966
159 0.036005762122089294
45 0.03601643109985884
129 0.03601643109985884
156 0.03622407996129286
188 0.03627011214077194
104 0.036636060261790025
144 0.03696861566168886
74 0.03717686386055649
115 0.037715869130678
123 0.03837769110801972
179 0.038493739183996914
171 0.03851047727830492
316 0.040018550833259135
58 0.041198612128662965
40 0.041526536076933816
148 0.041549702632086585
143 0.04310177486586096
7 0.044156530832494746
173 0.04495299117163001
151 0.047985382808739103
128 0.048169354346290466
84 0.05025807349283359
127 0.052140493955421766
67 0.052635404318198166
33 0.05777278426034124
235 0.05879485369923378
85 0.058839943892478014
142 0.06012764320190405
109 0.06300077681289444
184 0.06533958865931438
54 0.0725466060039002
73 0.08582119017946709
132 0.09082354276571283
27 0.09146654079422609
283 0.09146654079422609
327 0.09146654079422609
355 0.09242284447750394
38 0.0968859849470962
4 0.12940741180763138
297 0.1308176812612638
34 0.18797314436985083
3 0.39622243232845816
